6.270547588979988873e+00
5.197146049953256686e+00
5.508400115926839646e+00
5.380759811739273424e+00
5.804241010154015612e+00
6.432274860843273601e+00
5.989564429449939276e+00
5.548374132454817698e+00
5.446258568853434845e+00
5.990016782453177591e+00
5.947013487074285898e+00
5.756196747952205151e+00
5.914423032902689670e+00
6.605905962762072647e+00
5.835359027122338560e+00
6.009776024657015547e+00
5.197067922867446121e+00
5.838999341211881244e+00
6.009684770300673939e+00
5.887030956132144333e+00
5.256592653004357629e+00
6.595705010084030206e+00
6.440635272970034464e+00
5.538797856443719247e+00
5.851194843104553733e+00
5.817775853489103532e+00
5.236969855953647723e+00
5.980161359165031776e+00
6.585370373263024213e+00
5.716766555330328181e+00
5.233718545400470212e+00
6.130224905530205604e+00
5.899181651525633008e+00
6.010491899093892698e+00
5.010170293689075294e+00
5.724649439598222145e+00
6.611177139463404018e+00
6.010481637251345433e+00
5.160036143635155170e+00
6.718257347601372942e+00
6.110586574838034579e+00
5.822300824805741293e+00
5.542262786735715707e+00
5.076056137724022754e+00
5.722751914409511365e+00
5.826911983662394157e+00
5.927206559816438514e+00
6.010079691627335130e+00
6.159918810731678462e+00
5.806922917033572773e+00
5.426922496203935964e+00
5.480665054722514640e+00
5.713977969938083490e+00
5.844380482320106651e+00
6.621963404417690491e+00
5.892366814686465837e+00
4.831113355337325999e+00
5.542873309586258124e+00
5.937498223462288394e+00
5.177879883953691476e+00
5.341725124580324113e+00
6.990020444731748661e+00
5.010080233219542656e+00
7.291198947494918592e+00
5.756238964093016719e+00
6.029654364072948525e+00
5.990505140052038158e+00
5.316783519888513609e+00
6.235764679406516464e+00
5.927218718550344434e+00
5.321308693708288295e+00
7.990276702634493411e+00
5.533077182656844784e+00
5.698976075821320819e+00
5.360195826789957430e+00
5.108336892743065683e+00
5.462582368086232876e+00
5.793780770190885221e+00
5.213885248685613760e+00
6.010111197378365411e+00
6.043722166813792818e+00
5.248172154703056869e+00
5.682504437004991082e+00
6.989768763896423209e+00
6.267018981546857326e+00
5.606138853312896408e+00
5.092227112114880327e+00
6.108841806980745304e+00
5.938821092294499060e+00
6.009971298049280541e+00
5.638514549996052949e+00
6.580460612317419411e+00
4.928357037375666216e+00
6.642582154791139004e+00
6.181901082825500993e+00
5.990077482783550344e+00
6.717272517418562572e+00
6.574995202825517637e+00
5.770560419517399176e+00
5.952317157379256152e+00
6.128515526573816707e+00
6.571536708996602805e+00
5.125558978728971482e+00
6.400409933283524033e+00
5.632625282305139258e+00
5.532170091717329541e+00
6.083058674505876340e+00
5.990172443727709073e+00
6.847899906509134382e+00
5.706526047304001814e+00
6.502834268092299475e+00
5.669514652403676358e+00
5.192239600257364529e+00
5.894367038402228864e+00
5.753509465249839749e+00
5.394807792115220657e+00
6.027267329277124830e+00
5.244478388209602215e+00
6.591009238412384619e+00
5.643326396872681450e+00
6.014253346942458833e+00
5.671600804905182258e+00
6.542826042733845604e+00
6.361039789935006183e+00
5.895181728964329793e+00
6.225105003917970947e+00
5.927076773986764024e+00
6.011807052177458033e+00
6.955961774439834322e+00
5.502235388056703869e+00
6.202670581502054858e+00
5.990375701548405374e+00
6.573004947348867866e+00
6.046318610106303559e+00
6.990244787145663885e+00
4.954729967115744316e+00
5.810710318641043592e+00
6.119037402663577652e+00
5.951391033927714069e+00
5.151230354452079219e+00
5.010002676408092270e+00
5.990179683762994145e+00
5.185660481496724650e+00
5.484183134337604848e+00
5.236657872954310733e+00
5.273326418676613336e+00
5.010240242646005981e+00
5.378132130973932945e+00
6.018363051435252409e+00
5.009800263587417035e+00
5.274525463622470767e+00
5.853110434579692267e+00
5.904264700639108909e+00
7.990276702634493411e+00
5.990130058187817852e+00
6.014494625834826635e+00
5.575842462595647753e+00
4.659929852906880221e+00
5.501535123897323132e+00
5.653535844473054794e+00
5.506327282819079016e+00
6.990032639286757110e+00
5.989568962449673961e+00
6.710999933075390445e+00
4.952423670225497787e+00
5.707819929308925566e+00
6.167803563087820962e+00
5.727276038121497770e+00
6.585057156651041410e+00
5.989604297297133506e+00
5.743795010920538679e+00
6.156619390687319893e+00
5.645083100407897625e+00
5.098148212973097060e+00
5.021030367848359433e+00
5.987749213798529979e+00
5.681959902285043995e+00
5.761225662011499438e+00
5.710356973216029530e+00
6.453994639247450316e+00
5.508400115926839646e+00
5.309323299438220012e+00
6.034879385022376752e+00
5.990011650267465626e+00
5.762961894257010442e+00
5.545492966445613625e+00
5.824360849225907799e+00
6.746108117972466900e+00
6.379260726659705227e+00
5.990099125079069609e+00
5.122816277259008899e+00
5.863618690938403155e+00
5.989701890292116637e+00
5.351747997317114702e+00
6.010327757285380379e+00
6.730934540505359998e+00
5.360167584403117580e+00
5.902278383736378586e+00
5.907770693724788025e+00
5.907770693724788025e+00
5.352965770112908750e+00
5.612456019055023226e+00
5.746777456493639136e+00
5.868303666085235903e+00
6.114916868253021498e+00
6.387583622597849065e+00
5.241292687286388308e+00
5.625635899059889589e+00
6.010246337078734236e+00
5.151622210266271651e+00
6.364724108718920803e+00
6.196859876365108377e+00
5.992372897066359450e+00
4.593760887444632957e+00
5.683318550340154651e+00
6.017852030758153781e+00
5.732940731540521639e+00
5.010174197464611900e+00
6.062844157611929852e+00
6.089703431747402362e+00
5.273492740487006003e+00
6.029997938896742404e+00
5.298629083853262145e+00
5.989988531985876996e+00
6.009572722716629123e+00
6.159331372789797143e+00
6.615378828567788361e+00
5.866060168542584385e+00
4.944674560829773746e+00
5.479914262590826368e+00
4.990075523660231660e+00
5.695249629557585180e+00
6.546541469386797374e+00
5.974069698236311510e+00
5.516882757564963491e+00
5.440496665482079663e+00
5.563440456409002977e+00
5.288024708515505878e+00
5.061955772940780918e+00
5.543390007343703019e+00
6.143919743936954170e+00
6.758730551672093689e+00
5.834670844915389232e+00
5.043613816276127260e+00
4.762379418999932668e+00
6.136184536102907039e+00
4.968200168795550375e+00
5.476030925530182003e+00
6.760606790947082168e+00
5.560271340537706664e+00
5.546009859761693583e+00
5.453956192871110886e+00
6.009846671092494930e+00
5.728273007835699815e+00
6.989571405072777743e+00
5.011179996385855873e+00
6.201848928142931427e+00
5.785115341280297585e+00
4.911445886136917238e+00
6.409805709348233904e+00
5.990025156385009097e+00
5.107637232092852919e+00
6.989849948943298585e+00
5.989824222200946124e+00
6.241868281530874363e+00
6.092428919104988516e+00
5.819695933499547280e+00
6.624214187178673718e+00
6.075893264060042043e+00
6.123322140191345575e+00
5.911952913132908272e+00
5.990216163192040533e+00
6.747223005682982944e+00
5.855135952722031689e+00
5.427614565512852707e+00
5.664573845585348266e+00
6.009802901791962526e+00
5.503767035637286753e+00
5.798223993939219056e+00
6.307413597772608682e+00
5.591164006675223064e+00
5.571718310094779802e+00
6.209570968547024172e+00
5.990211322344131339e+00
5.884038916365891936e+00
5.767894536419867713e+00
5.451795920872220869e+00
5.290355777805904935e+00
6.057730257229674287e+00
6.009990812328927845e+00
5.717658847803869016e+00
6.514345895764125594e+00
6.881423734023710992e+00
5.263592480401492857e+00
5.204298331958512769e+00
5.009920051228618831e+00
5.009933357239074958e+00
6.121092380764800112e+00
6.177671107184045773e+00
5.686531351610250695e+00
5.698416410287383549e+00
5.816477313406458904e+00
6.455199515928280007e+00
5.664979751225677873e+00
6.428660969920009904e+00
5.126952465909906387e+00
5.556377737408030093e+00
5.680944094964086588e+00
5.676409735186084049e+00
5.647406100887709002e+00
5.698865904315224995e+00
5.806922917033572773e+00
5.664397230884533840e+00
5.909991063170801695e+00
5.956977781249123360e+00
6.513824319494495363e+00
5.892097389464755253e+00
5.478922981374346080e+00
6.410821648751948487e+00
6.071891570256667592e+00
5.943036616056672550e+00
6.290345080382973464e+00
5.176044414480233335e+00
5.976813769900950035e+00
6.191903393500542307e+00
6.018141109102693953e+00
5.009955517426933902e+00
5.990172489624075780e+00
5.986127008612256439e+00
5.076360361950431610e+00
5.957819940389982527e+00
5.690759330045380260e+00
5.901361327461714268e+00
6.221179305557911654e+00
6.725622131508600887e+00
5.482296241994607300e+00
5.993915113383629034e+00
5.989984602599685459e+00
5.009860662784529239e+00
6.840629879618529863e+00
5.649940988517812457e+00
5.990286797867802271e+00
5.114979653598751064e+00
5.571185908852150703e+00
6.588463584089470082e+00
5.010012841128734351e+00
6.616439110133876866e+00
5.155200215834881305e+00
5.679533345191603466e+00
5.943036616056672550e+00
6.218551544214003357e+00
6.010457960302748148e+00
5.893712489643747610e+00
5.904379484952940516e+00
5.185574500413274279e+00
5.952762241260832532e+00
6.184963957526713685e+00
5.301164716968613355e+00
6.157857543057485117e+00
6.088282380139969696e+00
5.252316999245050688e+00
6.395109479148683995e+00
6.076253628781516980e+00
6.009952167613451302e+00
5.009977856656550266e+00
6.027267329277124830e+00
5.306142632130116610e+00
6.149551568785549982e+00
5.631550894185827438e+00
5.010047274049031607e+00
5.446315357373499033e+00
4.807031486472013171e+00
6.010050766005829104e+00
6.569865227706539024e+00
5.612980243987702345e+00
5.611477427701187182e+00
5.762732091102782839e+00
6.071992275580069709e+00
6.719763844885338955e+00
6.197071652155470289e+00
5.665374887986065033e+00
5.989717622974919387e+00
6.139511062677546427e+00
5.432390390245846135e+00
5.989840574803263706e+00
6.002222001542159013e+00
5.989873873565487727e+00
5.835287790321380896e+00
5.945772312733706322e+00
5.119549030355962316e+00
5.749010357927641479e+00
5.678820598274803011e+00
5.854178056064323954e+00
6.990218879623216530e+00
7.989950292910210194e+00
5.518197444032824528e+00
6.989895005434479280e+00
6.713855675544509793e+00
5.989974772987808116e+00
5.093627428597317319e+00
6.838607298672091162e+00
5.122588110984254151e+00
5.809100432543512049e+00
6.990507330500999927e+00
6.700683383759240108e+00
5.990120985024879552e+00
6.450685001817174857e+00
6.009888052171179496e+00
6.349456642799879091e+00
5.915744391733831264e+00
6.178561826460054363e+00
6.882774465800736152e+00
5.631393464958723172e+00
5.041883425012839481e+00
5.914423032902689670e+00
6.335854976296997343e+00
5.791908913582672902e+00
5.046562661852940224e+00
5.553764328826600760e+00
6.435518160441267455e+00
6.989895005434479280e+00
5.019166931731919412e+00
5.454319057528597803e+00
6.096119152583534984e+00
5.125271681178749539e+00
5.006061903409450231e+00
5.009995655912958590e+00
5.468125500111658432e+00
6.990133837568337505e+00
5.860310036428960423e+00
7.162077723310066979e+00
4.990010487877732714e+00
5.659851939503732332e+00
6.032992364473582114e+00
4.805655953374465383e+00
5.088916231019509517e+00
5.397007562999490915e+00
5.426922496203935964e+00
5.947025264197494110e+00
5.730540370666498795e+00
5.978143327366932880e+00
6.018314525307258300e+00
6.812088728997401255e+00
5.541802657969991053e+00
5.954687149106387523e+00
5.793095384593740071e+00
5.501875567296072411e+00
5.719727283942285467e+00
6.990243708830529812e+00
4.842665426355634573e+00
6.060155745198241739e+00
6.448025212177563859e+00
5.242583512181111516e+00
5.893712489643747610e+00
6.989811560033820648e+00
6.010036962812107753e+00
6.338218567428771877e+00
5.009939011669375830e+00
6.117073491872210056e+00
5.512216949399346255e+00
6.066365566845965951e+00
5.992604358803357734e+00
5.101588380660659894e+00
5.902113981621867289e+00
5.846986567667313395e+00
5.705714138031656724e+00
6.128934262374471587e+00
6.137817952286408918e+00
5.009800263587417035e+00
6.459886871672920527e+00
5.009810991788789636e+00
5.745293792837799174e+00
5.733786934137594216e+00
5.717811661619584207e+00
5.990030286947567895e+00
5.138528449365683315e+00
6.546250399139491805e+00
5.599779258879290289e+00
5.793283182562949385e+00
5.514496655046974283e+00
5.989974772987808116e+00
6.989811560033820648e+00
6.412771619489340935e+00
5.771142417905297251e+00
6.542826042733845604e+00
6.326976218397874163e+00
6.060069233092598928e+00
4.924175530626742514e+00
5.861259781013595571e+00
6.617034445404760490e+00
6.010259269829882456e+00
5.989913506651656228e+00
5.604047480960461236e+00
5.994390638041012132e+00
6.402843999980584400e+00
5.643254086531661606e+00
5.324619363243190406e+00
5.990119800099740210e+00
5.022323502117191474e+00
6.866553125441850369e+00
5.859786867309548342e+00
5.875287368269917820e+00
5.982654264664777344e+00
6.523495334002653578e+00
5.022529958479028167e+00
5.809124057579122535e+00
5.647539056112187872e+00
5.985291736241226346e+00
5.496560880575617425e+00
5.010262936810273793e+00
5.228371780197387686e+00
5.653598806378719921e+00
6.073564825599325090e+00
5.795937603787843173e+00
6.773164296931648565e+00
5.717667315970419217e+00
5.205086520068665124e+00
5.475878259587854124e+00
6.618756076606021388e+00
5.010163265162265844e+00
6.269687424812159904e+00
6.284119636465207215e+00
5.752390985293515335e+00
6.989727247749321748e+00
5.888280873424624140e+00
5.755675185277024930e+00
5.344530731673680535e+00
5.330434010033664904e+00
5.573737106517167916e+00
5.893115406358769626e+00
5.130824373368817248e+00
5.990169663214603091e+00
4.279028735232602187e+00
6.008920262184539673e+00
5.801606694678048015e+00
5.925285212807239965e+00
6.156779526567620842e+00
5.447205250540865684e+00
5.902113981621867289e+00
6.282923185866540194e+00
5.398955056663360175e+00
6.080061228010387175e+00
6.026266237394724001e+00
6.108245462563257178e+00
6.435490411505041308e+00
5.041883425012839481e+00
6.490757604631897770e+00
5.557235691562565805e+00
5.175836640625534280e+00
5.010366202526946644e+00
5.999945845141271050e+00
5.617087816733360661e+00
5.991007857105935308e+00
5.989979260227475955e+00
5.852971043590169842e+00
5.307430410374285756e+00
5.694954094925838817e+00
5.721002037956539610e+00
5.601620638747079717e+00
5.875489636651909819e+00
5.313836991675848331e+00
5.256592653004357629e+00
5.758632258429095430e+00
6.530545011649570242e+00
5.331458655981327510e+00
5.965562729902936567e+00
5.919064653613775207e+00
5.803844286097863403e+00
6.263820964222485799e+00
5.155283741467605374e+00
6.094003829170230091e+00
6.114080007896963487e+00
5.632596853022800332e+00
5.299337998841314068e+00
5.731800436029439005e+00
5.258336851606664197e+00
4.933309400054557869e+00
4.728058117171189068e+00
7.290239575509058767e+00
5.835287790321380896e+00
5.174547329774447313e+00
6.009990812328927845e+00
6.113264116631426326e+00
5.340182130790278592e+00
6.545412476772418664e+00
6.065003296126219468e+00
6.789728093604450621e+00
5.570630768105889530e+00
4.900321750593908732e+00
5.990268913096755021e+00
6.989841890089163456e+00
5.487249225643691553e+00
5.557265038025229309e+00
6.706213542673682859e+00
6.083991359245490393e+00
5.605713021478486269e+00
6.572840800966665675e+00
6.155046192665745153e+00
5.914346923059651040e+00
5.010082759284014031e+00
5.392879642135980589e+00
5.321101742563338455e+00
5.654402262877164631e+00
6.990034197728186349e+00
5.877937439709569389e+00
5.372660133708460073e+00
6.608663246124240054e+00
6.420017172072648215e+00
5.850903306873798115e+00
6.124098017045036535e+00
5.571410846141398032e+00
5.989688695798116136e+00
5.649000632378291087e+00
5.733366203512591852e+00
5.990199617878585236e+00
5.439106818652437170e+00
5.730782996922454409e+00
5.242583512181111516e+00
5.961934027738626796e+00
5.749994597607276603e+00
5.879117694277117501e+00
5.990398283528362455e+00
5.009558557495379816e+00
5.414816448997727960e+00
5.009056078500902842e+00
6.532367659324351372e+00
7.108027127271927981e+00
4.805655953374465383e+00
5.178492837590772169e+00
5.772275456278442185e+00
5.010286228940866060e+00
5.696061013280929508e+00
5.009757901456167950e+00
5.975345443370694731e+00
5.227404276585295939e+00
6.413962700471127931e+00
5.883665991079494617e+00
6.713828410799669300e+00
5.767233059926888394e+00
5.846679431787643821e+00
4.892752506214216091e+00
6.164910914945907372e+00
5.383640904940115490e+00
5.917888724357315056e+00
5.453550274349906246e+00
5.989627669865394743e+00
5.931736740223001014e+00
5.854178056064323954e+00
5.185801134962432002e+00
5.945982298387762377e+00
6.545186755800090239e+00
5.344743859740337832e+00
5.780362459817474097e+00
6.398740492584148676e+00
6.199853328309406386e+00
5.599735805834753499e+00
5.748047638430163531e+00
5.848786210151801335e+00
5.656319239826088641e+00
6.447361358577652801e+00
6.263742212895418326e+00
5.426837677507426960e+00
5.989931158488607466e+00
6.194951793450934829e+00
6.119279859189595605e+00
6.707507961645695183e+00
5.551445014217031293e+00
5.762732091102782839e+00
6.009675363961776817e+00
5.010249136564700834e+00
5.988699224635379181e+00
5.546483499976637255e+00
5.052148561404461447e+00
5.630228875464189819e+00
5.448741658197629789e+00
6.325934051733091756e+00
5.990901093874953176e+00
5.652845859306669496e+00
6.014899643892889003e+00
6.006186960266202135e+00
6.512679869573653413e+00
6.233058434420932770e+00
5.946159998760524701e+00
6.039069266867642227e+00
5.469870361370416489e+00
5.989665565179724815e+00
6.404156499238087719e+00
6.824791951535418733e+00
5.279194922338719564e+00
5.549611905978640181e+00
5.010121666058210188e+00
5.214518359976328732e+00
7.074192075460596030e+00
5.514943592626693203e+00
5.415098127659328853e+00
5.258599235156829366e+00
6.046318610106303559e+00
5.711741679608388189e+00
5.654564790663298979e+00
7.032047167401104915e+00
6.010297254099591591e+00
6.797344571172432737e+00
5.990075644106283015e+00
6.739905022138462876e+00
5.887523304146522918e+00
5.990231147574743176e+00
4.684628440069611877e+00
6.990020690237935597e+00
5.972259833264246254e+00
6.566288151804116069e+00
5.712278671608938652e+00
6.162322386010409048e+00
6.156235041462805313e+00
5.342524982315421944e+00
5.718749931730520153e+00
5.403589175839093706e+00
5.318521672801764133e+00
5.990041040177833231e+00
5.169539289013743044e+00
7.430657328869548550e+00
5.859097869213825582e+00
6.462883305510653820e+00
5.070391988347740408e+00
5.330434010033664904e+00
5.009987438211991773e+00
6.258609884679818158e+00
6.603402917930431215e+00
5.010305160653880208e+00
5.598518395768190103e+00
6.647383538563857108e+00
5.787924500736797206e+00
6.100512254690588776e+00
6.715260092268064085e+00
5.405244857035644834e+00
5.225498398192137905e+00
5.189186464503971585e+00
5.435629446629117290e+00
5.912237254269995468e+00
5.370918831364729584e+00
6.642717920705419665e+00
6.083295337385297152e+00
6.348697822622769493e+00
6.449723965707588214e+00
6.989811560033820648e+00
5.114485242119311437e+00
5.785783080861389038e+00
5.998296179292483821e+00
5.545584968370853574e+00
6.355318327856874561e+00
5.545348058219390808e+00
6.016817751484344612e+00
5.311244092075011025e+00
6.936665127805154540e+00
5.990166747277517523e+00
6.779008021546363061e+00
6.064048130127036806e+00
6.028880770729506011e+00
5.685767822955005713e+00
5.648021804524645084e+00
5.478922080262391248e+00
6.431791387892630496e+00
6.114714710999198388e+00
5.685671327895586380e+00
6.117073491872210056e+00
5.228856736135363725e+00
5.375371950240781516e+00
5.660479146367297432e+00
6.571847364383174295e+00
5.512216949399346255e+00
5.948638129690443144e+00
5.895819575780602229e+00
5.010090087733901854e+00
5.964832396462688813e+00
5.033297613863783049e+00
6.250960752454422398e+00
5.065754289565489010e+00
6.240850341673620072e+00
6.062569327886405013e+00
6.360492648644529012e+00
5.839104416740426906e+00
5.740808358723136884e+00
5.101801425569968629e+00
5.860235907147223422e+00
5.180035313526863305e+00
6.340111727429312616e+00
6.009712865318505237e+00
5.989730857826461197e+00
5.241074420842548598e+00
5.606520793775674250e+00
5.999760052757884488e+00
5.207956329319407551e+00
5.593205635271072396e+00
5.843866517484927137e+00
6.249499346258580168e+00
4.989945783380607125e+00
5.602378246760116198e+00
5.658525291584584060e+00
6.291186344053055990e+00
5.991171016934980109e+00
6.006186960266202135e+00
5.894395145520153534e+00
5.888570503948547419e+00
5.934529607504705595e+00
5.611025470109372471e+00
5.601038889939370158e+00
5.718206881735013347e+00
6.010024587788679540e+00
5.124966783455337627e+00
5.548172875106593516e+00
6.719486716978206431e+00
5.989589269267391103e+00
6.914419755191972605e+00
5.717908559507109523e+00
6.010036962812107753e+00
6.078061399976920853e+00
5.067093144647209613e+00
5.990211295612563269e+00
5.631042656230338395e+00
5.799109781585778833e+00
6.178158376411838404e+00
6.990122624248648719e+00
5.724820447313839544e+00
5.009741466813307120e+00
6.374582042367345380e+00
5.704592226499854313e+00
5.989629219030382146e+00
6.299197797333311755e+00
5.447384854274175403e+00
5.998852189816592073e+00
5.990495583515907718e+00
5.588754333571119837e+00
5.992517577848460952e+00
5.377799590200910806e+00
6.335502483899663417e+00
5.424734154058882929e+00
5.836405163605514979e+00
6.132251390043785833e+00
6.439841501356220910e+00
4.894115005345058833e+00
5.927531055415818706e+00
6.961434467779340274e+00
5.664397230884533840e+00
4.782736117170743206e+00
6.254289863059394605e+00
5.703444974560489378e+00
5.849909096049948687e+00
6.007754411307722364e+00
6.785104042381762568e+00
5.390362322470910961e+00
5.010003573375681363e+00
5.966569507592275556e+00
6.064048130127036806e+00
4.744994482501310173e+00
5.890573999433047270e+00
5.722928636448814110e+00
5.907518084785566614e+00
6.437214757521561914e+00
5.986523086763490653e+00
6.010043973015651630e+00
5.257475620566220975e+00
5.679229338091062118e+00
6.161254876074976572e+00
5.010217166489137952e+00
5.724198993203356345e+00
6.989929246937533591e+00
4.946677304213858761e+00
5.313378609330792202e+00
5.250695401202461809e+00
5.516899804520161155e+00
6.409148319336217980e+00
5.989665565179724815e+00
6.024170215280252094e+00
5.990158101236545463e+00
5.674578362341383908e+00
6.989539882097003165e+00
6.198918269861760422e+00
5.351791555012190393e+00
5.009905122212842343e+00
5.577420098386530967e+00
5.030498702845163095e+00
5.989922630968869122e+00
5.990901093874953176e+00
5.611747065280652258e+00
6.206213685229277743e+00
6.008191427884570501e+00
5.618533748423350183e+00
6.101135928002703324e+00
5.984087472900799121e+00
5.975489714879947734e+00
5.182418829983664210e+00
5.348706631959470492e+00
5.589454164128310865e+00
6.638924921209142127e+00
5.913769940064278252e+00
6.526229246311699761e+00
5.358986148819521844e+00
6.930445123768234517e+00
6.093324038153451028e+00
5.928826530315484789e+00
7.010021350713438792e+00
6.416625593246179982e+00
5.502534727800770575e+00
6.010000216239188120e+00
5.692156622399951793e+00
5.172453895256474254e+00
6.989906135744083926e+00
5.372047264428059243e+00
6.087830973645202093e+00
5.922500358455452307e+00
5.775886057868921952e+00
4.761147517506978843e+00
5.830040042919018894e+00
5.376375587018962676e+00
6.100274182632012376e+00
5.405448265329383162e+00
6.421619636884209115e+00
5.986159823415661663e+00
5.928533649791549287e+00
6.165214959918230875e+00
5.411593417209455303e+00
6.018363051435252409e+00
5.505449509917442086e+00
6.072738941762692022e+00
5.004419861636553613e+00
6.128460598962677253e+00
6.107806894640273931e+00
5.841226253316314398e+00
5.990202421884359474e+00
4.953436617950443654e+00
5.226995067098197723e+00
4.918127180796036058e+00
4.609792722658040631e+00
5.410898292889402938e+00
5.652953371842004415e+00
6.726789613783305199e+00
5.474887678483218778e+00
5.830643902627739905e+00
6.502491528843844293e+00
6.209010252139107955e+00
5.816543711341537914e+00
5.739317323633472689e+00
5.208554679393775366e+00
5.996976060896836991e+00
6.302182356938963892e+00
5.770194638808157528e+00
6.118956291479468845e+00
6.342505729416332727e+00
5.662197722383014664e+00
6.394783931832649593e+00
5.989545858699679926e+00
5.687331085107020456e+00
5.535738281953070050e+00
5.021545200878897219e+00
5.773414444362202858e+00
5.717668631437738291e+00
6.440020343185713259e+00
5.373251714299799531e+00
5.713977969938083490e+00
5.960820505100886457e+00
6.760049906298409184e+00
5.330173153626233784e+00
6.009782535329955877e+00
6.501401252314488843e+00
5.120251042717822720e+00
5.145191448505888943e+00
6.049196545802085545e+00
6.461772734346623359e+00
5.010230214886966849e+00
5.010208739349228502e+00
6.034314047698947192e+00
5.853705648071727552e+00
5.359109657454479425e+00
6.203107250986656496e+00
5.695472865041928401e+00
5.703117384259249967e+00
6.476042508984489743e+00
6.990119937485715695e+00
5.484156926735431092e+00
6.555196773410538746e+00
6.909539293676783878e+00
5.009860662784529239e+00
6.137954275736615450e+00
6.928769695059888711e+00
5.070016338586023075e+00
6.057842362560908356e+00
6.062250741098834439e+00
6.030345586851938222e+00
5.704723187341138591e+00
6.073002940377366876e+00
5.665374887986065033e+00
6.584138003661706762e+00
6.595705010084030206e+00
5.989621090784028823e+00
6.745897119517938911e+00
5.195771046786376246e+00
5.158563993343984855e+00
5.689000214472913264e+00
5.968478136872213291e+00
6.335502483899663417e+00
5.700907358549890169e+00
5.085400244577498619e+00
5.621964177947760710e+00
5.715472977528637699e+00
7.041512060127201877e+00
5.975916687376607861e+00
5.267514029893109573e+00
5.820262983284659519e+00
6.034573684280142736e+00
5.705714138031656724e+00
5.864557326551328664e+00
6.536778406397305119e+00
6.449813116974782545e+00
6.707507961645695183e+00
6.470363593733899243e+00
5.948996219219797155e+00
6.434477498842029242e+00
6.357734731102443249e+00
6.535844584083434938e+00
6.009986893834185828e+00
6.014779929210520848e+00
5.010011646525743600e+00
6.009804821605531977e+00
5.379493007153897111e+00
5.717622315388187992e+00
5.653393032261424977e+00
5.571006335015264099e+00
6.586180603763160946e+00
5.673790382364745533e+00
6.103152400751677753e+00
5.219766993332735971e+00
5.819364217284572760e+00
6.102339051736714204e+00
5.641299107511384747e+00
5.808172780549093694e+00
5.618533748423350183e+00
5.823809991063730429e+00
5.580578311423103344e+00
6.030671204456822920e+00
5.726023548601267166e+00
5.390362322470910961e+00
6.252551809636504920e+00
5.413067057021133444e+00
6.539562342653831628e+00
5.990325133691842829e+00
5.611747065280652258e+00
5.990222625449332483e+00
5.557094531902017742e+00
5.936152223034549813e+00
6.661965850132974154e+00
6.989804706276777857e+00
5.009668644951869254e+00
5.818137316955382055e+00
6.276826363623206895e+00
5.593753888280838638e+00
5.992545179629649610e+00
7.010234417184200595e+00
6.689853874110784915e+00
6.045124531757976705e+00
5.518197444032824528e+00
6.392084375399073259e+00
5.859941543136764963e+00
6.990122624248648719e+00
5.031002824775480775e+00
5.855042327347490527e+00
6.551533727509512239e+00
6.046924021980505159e+00
5.905600155099193671e+00
6.010155317307343203e+00
5.342799605223586212e+00
5.901548309667103531e+00
6.101789369706937194e+00
5.398163149991514587e+00
6.332723293374524332e+00
5.624295156379331750e+00
5.041844745798138128e+00
6.010350868205319053e+00
6.024070863802966969e+00
6.559360284945368491e+00
5.990455317249921308e+00
6.912993018847423343e+00
4.808803878874378768e+00
5.989688599699895200e+00
6.429435660271456854e+00
7.010018004354599874e+00
5.010210338322575119e+00
5.228669486456555049e+00
6.003039694662912318e+00
5.597706622676235533e+00
6.000393249810151097e+00
4.881647719176160471e+00
5.932958983825351140e+00
4.954638501534779138e+00
6.733192014114450785e+00
6.155982721227251098e+00
5.424062924353185267e+00
4.956199968013840440e+00
6.508870663995333317e+00
4.708944421510009803e+00
5.396557657343436176e+00
6.354285357267282386e+00
5.738528366296534067e+00
7.253145651207598021e+00
6.062166572032041678e+00
5.694884583063569039e+00
5.753872494710352115e+00
5.709687762963384650e+00
6.195591126884363753e+00
5.919026203164124311e+00
5.568579267200146177e+00
5.053187647174320674e+00
5.101388646229454871e+00
5.169328000533442768e+00
5.456154885399724819e+00
5.302751624171096800e+00
5.842477191672372783e+00
5.010178091389192900e+00
5.934869513934200924e+00
5.010249845177945360e+00
4.559136207792734652e+00
5.712610448528822715e+00
5.459985176394464901e+00
5.009937641809399267e+00
5.599028331908566081e+00
5.826966846625089680e+00
6.228824624496042794e+00
5.435710248668282674e+00
5.010105006821351736e+00
5.009579626934377750e+00
5.257594038813556914e+00
5.681315430481834738e+00
5.716852538535456496e+00
5.157873454161264526e+00
5.551078279346892685e+00
6.139401713655383119e+00
5.051134560338311985e+00
6.171880553960731319e+00
6.066613086250677966e+00
5.641446711740178088e+00
5.495284220592731472e+00
5.366586411110772836e+00
6.999604594375421485e+00
5.718030691690263012e+00
5.009931344564715339e+00
5.010103364485453348e+00
6.847899906509134382e+00
5.938009080286328789e+00
5.974475754080492251e+00
5.925800026080088934e+00
5.778663622795290777e+00
5.388632717857437804e+00
5.909853702635021300e+00
6.470272198983384015e+00
5.432490187753074906e+00
5.419507527377916745e+00
5.172307793264421250e+00
5.010119794609042998e+00
7.067923156174197530e+00
5.411321105141746024e+00
5.396784522287070729e+00
6.074402328167724185e+00
5.813160312843325350e+00
4.805149357564914681e+00
7.010015894540678971e+00
5.970266710741302774e+00
6.716342741930174220e+00
5.986423146260559491e+00
5.989618714336697458e+00
4.895312847588304095e+00
6.149551568785549982e+00
5.010035255607361293e+00
5.658908960966577695e+00
5.793811497898933460e+00
6.707224732081709995e+00
6.473056636857990043e+00
5.811832840800769340e+00
5.508720995743564330e+00
5.989842722390738672e+00
6.214286902507346610e+00
7.009891397591371920e+00
5.989903026324375546e+00
6.528429822076182276e+00
5.598341259824184846e+00
5.010369771414282525e+00
6.104744818731767886e+00
6.826334740642929333e+00
6.010287209000272135e+00
6.990417234470057473e+00
4.519593223592724307e+00
5.884870766741782333e+00
4.946006662111479102e+00
5.187617127189455779e+00
6.583517655714759442e+00
6.606398261054423848e+00
5.010117146580773451e+00
6.027846193002136310e+00
5.789966241815117876e+00
6.199853328309406386e+00
6.386463299762226598e+00
5.614912386512792786e+00
5.749010357927641479e+00
6.203621284939852210e+00
6.426039508667638955e+00
6.496432339629016006e+00
7.001914787193245004e+00
6.159216110402026878e+00
5.759476015724228404e+00
5.799149917597908654e+00
5.627052719476690612e+00
6.038277014044293622e+00
6.009969267949159644e+00
5.151922972142353174e+00
5.059640537422335882e+00
5.632457559455203544e+00
5.731783900288114353e+00
5.912403822333059722e+00
6.811762109932416820e+00
6.257822020175341393e+00
5.990039673211377647e+00
5.010400318081137172e+00
5.354441863366758092e+00
5.004176281332237686e+00
5.671021382389524135e+00
5.324448975046689014e+00
5.989581803647566538e+00
5.965269424789974906e+00
5.024836044567238424e+00
4.627029668259474704e+00
5.989921792783640342e+00
5.990245727182825775e+00
6.043667346745932534e+00
5.039979186254525345e+00
5.895227488039604502e+00
6.449067841159506820e+00
5.010200597143572132e+00
5.011782842635645885e+00
6.003503362275684374e+00
5.334134180121938407e+00
6.067129909298637713e+00
5.010039285182815050e+00
4.883639421837131067e+00
6.010366444258235852e+00
5.726720780853838733e+00
6.252549718566658754e+00
6.205586543531953936e+00
5.779900155044475518e+00
5.195896976817112822e+00
6.712108411566755528e+00
5.009807001883678446e+00
6.083105266094969821e+00
5.745081559118371928e+00
5.010193173201331618e+00
5.438995274852945983e+00
5.799201446466572207e+00
6.174030131033910962e+00
5.979037180103958349e+00
5.542873309586258124e+00
5.575242126893953376e+00
6.046772819973990742e+00
5.989830820156078595e+00
5.717668631441156890e+00
5.905275588308081858e+00
5.989790082785539482e+00
5.910577760851410289e+00
5.737245378078267954e+00
6.005921810071392031e+00
5.295147394848676470e+00
6.200416015060971731e+00
5.348015470609860600e+00
6.526952397768698511e+00
6.283121073057811756e+00
5.390362322470910961e+00
5.390990418975063037e+00
5.588412035295445612e+00
5.256788716622087243e+00
5.702658718304204122e+00
5.402380009886159407e+00
6.112512012132024886e+00
5.396699308579173682e+00
5.003542143058837155e+00
5.870875862861534955e+00
5.039308884597678784e+00
6.244349219358535485e+00
5.152983818289750495e+00
5.990173400029816797e+00
5.862500186683941017e+00
5.476030925530182003e+00
6.006887108526815844e+00
5.985066477568789622e+00
5.734124188640856268e+00
5.380486148708696348e+00
5.925704741403534648e+00
5.647406100887709002e+00
6.428908884733953499e+00
6.103407011991695441e+00
5.911026257408718898e+00
6.063884809801695752e+00
5.323079542689500343e+00
5.567196303675206792e+00
6.264568696853922702e+00
5.564437001832937213e+00
